height,weight,age,male
151.765,2.7800636445086724,63.0,1
139.7,-8.559736355491324,63.0,0
136.525,-13.180704855491328,65.0,0
156.845,7.99637164450867,41.0,1
145.415,-3.7686708554913295,51.0,0
163.83,17.947046144508676,35.0,1
149.225,-6.8020673554913245,32.0,0
168.91,10.434428644508671,27.0,1
147.955,-10.17565785549133,19.0,0
165.1,9.44219614450867,54.0,1
154.305,4.849577144508672,47.0,0
151.13,-3.8253698554913242,66.0,1
144.78,-9.013328355491325,73.0,0
149.9,2.654457144508676,20.0,0
150.495,-11.196239855491328,65.3,0
163.195,3.517150644508675,36.0,1
157.48,-2.7197393554913276,44.0,1
143.9418,-6.688669355491328,31.0,0
161.29,3.942393144508671,39.0,1
156.21,-2.322846355491329,29.0,0
146.4,-9.551968855491324,56.0,1
148.59,-7.142261355491328,45.0,0
147.32,-9.580318355491329,19.0,0
147.955,-4.732553855491325,29.0,1
161.925,10.06588514450867,30.0,1
146.05,-7.539154355491327,24.0,0
146.05,-6.546921855491327,35.0,0
152.7048,1.561035144508672,33.0,0
142.875,-6.20672785549133,27.0,0
142.875,-9.466920355491325,32.0,0
147.955,2.3548211445086764,36.0,0
160.655,2.836762644508674,24.0,1
151.765,4.367635644508674,30.0,1
162.8648,4.339286144508677,24.0,1
171.45,11.51170964450867,52.0,1
147.32,-5.923232855491328,42.0,0
147.955,4.849577144508672,19.0,0
154.305,-3.797020355491327,55.0,1
143.51,-6.490222855491325,43.0,0
146.7,-2.6455428554913283,20.0,1
165.735,13.552873644508672,42.0,1
152.4,1.6744331445086758,44.0,0
141.605,-0.8203228554913267,60.0,0
158.8,5.854457144508672,20.0,0
155.575,9.272099144508672,37.0,0
164.465,0.8522976445086741,50.0,1
151.765,2.9785101445086752,50.0,0
161.29,7.174236144508676,31.0,1
154.305,2.5816171445086766,25.0,0
145.415,0.5971521445086765,23.0,0
145.415,-2.6346908554913284,52.0,0
152.4,-8.559736355491324,79.3,1
163.83,10.888020644508671,35.0,1
144.145,-7.850998855491326,27.0,0
153.67,3.26200514450867,38.0,1
142.875,-7.709251355491325,39.0,0
167.005,2.128025144508676,30.0,1
158.4198,2.2414231445086727,24.0,0
165.735,12.50394214450867,51.0,1
149.86,-7.113911855491324,46.0,0
154.94,2.1563746445086736,22.0,0
160.9598,-1.840904855491324,29.0,1
161.925,5.218120644508673,38.0,1
147.955,-5.668087355491323,30.0,0
159.385,5.643457144508673,45.0,1
148.59,-5.611388355491329,47.0,0
136.525,-8.758182855491327,79.0,0
158.115,1.2208411445086753,45.0,1
144.78,-2.7764383554913294,54.0,0
156.845,2.5816171445086766,31.0,1
179.07,10.661224644508671,23.0,1
170.18,3.517150644508675,41.0,1
146.05,-2.23779785549133,23.0,0
147.32,-9.977211355491328,36.0,0
162.56,11.710156144508673,30.0,0
152.4,6.210353144508673,34.0,0
160.02,2.184724144508671,44.0,1
149.86,-4.108864855491326,43.0,0
142.875,-12.330219855491329,73.3,0
167.005,12.022000644508672,38.0,1
159.385,-2.0677008554913243,43.0,1
154.94,-5.101097355491326,33.0,0
162.56,0.9089966445086759,35.0,1
152.4,-3.938767855491328,29.0,0
170.18,2.553267644508672,58.0,1
146.05,-7.539154355491327,53.0,0
159.385,-0.026536855491329447,51.0,1
151.13,-2.7764383554913294,48.0,0
160.655,9.810739644508672,29.0,1
169.545,8.478313144508675,41.0,1
158.75,7.145886644508671,81.75,1
149.86,-2.6346908554913284,35.0,0
153.035,4.537732644508672,46.0,0
161.925,-3.315078855491329,29.0,1
162.56,10.97306914450867,42.0,1
149.225,-2.889836355491326,27.0,0
163.195,8.053070644508672,22.0,1
161.925,5.189771144508676,43.0,1
145.415,-2.5212928554913248,53.0,0
163.195,4.0557911445086745,43.0,1
151.13,-6.546921855491327,41.0,0
150.495,4.7645286445086725,50.0,0
170.815,14.71520314450867,33.0,1
157.48,2.893461644508676,62.0,1
152.4,-5.75313585549133,49.0,0
147.32,-8.162843355491326,22.0,0
145.415,-2.9181858554913234,29.0,0
157.48,-0.4801288554913299,33.0,1
154.305,2.8084131445086697,34.0,0
167.005,10.150933644508676,42.0,1
142.875,-12.046724855491327,40.0,0
152.4,-4.165563855491328,27.0,0
160.0,6.154457144508676,25.0,1
159.385,3.9990921445086727,29.0,1
149.86,8.393264644508676,45.0,0
160.655,9.045303144508672,26.0,1
160.655,10.321030644508674,45.0,1
149.225,-2.804787855491327,45.0,0
140.97,-4.108864855491326,85.5999999999999,0
154.94,4.651130644508676,26.0,1
141.605,-0.7069248554913301,24.0,0
160.02,0.9089966445086759,57.0,1
150.1648,-3.088282855491329,22.0,0
155.575,6.437149144508673,24.0,0
156.21,-0.9337208554913303,21.0,0
153.035,-12.840510855491324,79.0,0
167.005,11.710156144508673,50.0,1
149.86,7.627828144508676,40.0,0
147.955,-8.559736355491324,64.0,0
159.385,3.80064564450867,32.0,1
161.925,11.908602644508676,38.7,1
155.575,-2.946535355491328,26.0,0
159.385,5.133072144508674,63.0,1
146.685,1.5043361445086703,62.0,0
172.72,16.756367144508673,22.0,1
166.37,3.942393144508671,41.0,1
141.605,-13.520898855491328,19.0,1
151.765,-9.750415355491327,74.0,0
156.845,0.5971521445086765,41.0,1
148.59,-1.1605168554913234,33.0,0
157.48,0.5121036445086702,53.0,0
147.955,-3.882068855491326,37.0,0
153.035,0.20025914450867077,61.0,0
160.655,8.591711144508672,44.0,1
149.225,7.259284644508675,35.0,0
138.43,-5.951582355491325,23.0,0
162.56,0.6538511445086712,55.0,1
149.225,-4.647505355491326,53.0,0
158.75,6.437149144508673,59.0,1
149.86,-6.3768248554913285,57.0,0
158.115,-5.809834855491324,35.0,1
156.21,-0.7069248554913301,29.0,0
148.59,-5.5263398554913294,62.0,1
154.305,1.7311321445086705,51.0,0
157.48,-4.420709355491326,19.0,1
157.48,5.133072144508674,42.0,1
154.305,-3.7686708554913295,25.0,0
168.275,9.554457144508675,41.0,1
145.415,-0.05488635549132681,37.0,0
149.225,-9.240124355491325,82.0,1
154.94,0.1719096445086734,28.0,1
162.56,3.0635586445086744,50.0,1
156.845,0.6255016445086738,43.0,0
161.0106,3.375403144508674,31.0,1
144.78,-3.8537193554913287,67.0,0
143.51,-6.631970355491326,39.0,0
149.86,-6.8020673554913245,48.0,0
165.735,3.2903546445086747,30.0,1
144.145,-6.121679355491324,64.0,0
157.48,-5.016048855491327,72.0,1
154.305,5.161421644508671,68.0,0
163.83,9.243749644508675,44.0,1
156.21,0.5544571445086746,43.0,0
144.145,-5.611388355491329,34.0,0
162.56,-1.840904855491324,62.0,1
146.05,-13.180704855491328,44.0,0
154.94,0.39870564450867363,31.0,1
144.78,-7.000513855491327,29.0,0
146.685,-8.95662935549133,62.0,0
152.4,-4.165563855491328,67.0,0
163.83,2.8651121445086716,57.0,1
165.735,2.666665644508676,32.0,1
156.21,1.3342391445086719,24.0,0
152.4,-3.882068855491326,77.0,1
140.335,-8.446338355491328,62.0,0
163.195,3.091908144508672,67.0,1
151.13,-8.332940355491324,70.0,0
171.1198,11.51170964450867,37.0,1
149.86,-6.348475355491324,58.0,0
163.83,2.4398696445086756,35.0,1
141.605,-8.843231355491326,30.0,0
149.225,-3.7686708554913295,26.0,0
146.05,-0.28168235549132703,21.0,0
161.29,5.388217644508671,41.0,1
162.56,10.235982144508675,46.0,1
145.415,-7.113911855491324,49.0,0
170.815,13.411126144508671,28.0,1
159.385,-0.6218763554913238,83.0,0
159.4,-0.6455428554913283,54.0,1
153.67,-0.4801288554913299,54.0,0
160.02,-0.42342985549132806,68.0,1
150.495,-4.562456855491327,68.0,0
149.225,-0.9620703554913277,56.0,0
142.875,-10.629249855491324,57.0,0
142.113,-12.273520855491327,22.0,0
147.32,-9.098376855491324,40.0,0
162.56,4.509357144508677,19.0,1
164.465,8.138119144508671,41.0,1
160.02,-7.96439685549133,75.9000000000001,1
153.67,-4.534107355491329,73.9000000000001,0
167.005,5.55831464450867,49.0,1
151.13,-1.0754683554913242,26.0,1
153.035,4.844457144508674,88.0,1
139.065,-11.451385355491325,68.0,0
152.4,-1.188866355491328,33.0,1
154.94,3.091908144508672,26.0,0
147.955,-2.2944968554913245,56.0,0
144.145,-11.139540855491326,34.0,0
155.575,-5.327893355491327,74.0,1
150.495,-9.098376855491324,69.0,0
155.575,5.870159144508676,50.0,1
154.305,0.710550144508673,44.0,0
168.91,13.779669644508672,41.0,1
150.495,-1.5857593554913265,27.0,0
160.02,6.919090644508671,38.0,1
167.64,5.643363144508676,57.0,1
144.145,-10.79934685549133,64.5,0
145.415,-5.668087355491323,42.0,0
160.02,14.516756644508675,24.0,1
164.465,7.117537144508674,71.0,1
153.035,-5.072747855491329,49.5,0
149.225,-1.1038178554913287,33.0,1
160.02,9.555594144508675,28.0,0
149.225,0.030162144508672384,47.0,0
153.67,-3.7119718554913277,27.0,0
150.495,-3.1449818554913236,55.0,0
151.765,-2.521542855491326,83.4000000000001,1
158.115,-1.897603855491326,63.0,1
149.225,-4.22226285549133,52.0,0
151.765,-2.181098855491328,49.0,1
154.94,1.1641421445086735,31.0,0
161.29,2.8084131445086697,35.0,1
148.59,-2.5212928554913248,35.0,0
160.655,3.460451644508673,24.0,1
157.48,0.8239481445086696,41.0,1
167.005,7.854624144508676,32.0,1
157.48,2.524918144508675,43.0,1
152.4,-1.5007108554913273,63.0,0
152.4,-1.6141088554913239,21.0,0
161.925,8.166468644508676,55.0,0
152.4,-0.3667308554913262,38.0,0
159.385,2.1563746445086736,28.0,1
142.24,-13.379151355491327,36.0,0
168.91,11.398311644508674,38.0,1
160.02,10.74627314450867,48.0,1
158.115,2.4398696445086756,45.0,1
152.4,0.11521064450867158,38.0,0
155.575,0.4837541445086728,21.0,0
154.305,3.8289951445086743,50.0,0
156.845,1.5326856445086747,41.0,1
156.21,-1.1605168554913234,30.0,0
168.275,11.001418644508675,21.0,1
147.955,-4.959349855491325,38.0,0
157.48,5.756761144508673,19.0,0
160.7,1.2544571445086703,31.0,1
161.29,4.310936644508672,21.0,1
150.495,-0.9337208554913303,50.0,0
163.195,5.983557144508673,39.0,1
148.59,-4.278961855491325,44.0,1
148.59,-7.482455355491325,36.0,0
161.925,6.55054714450867,36.0,1
151.13,-1.6424583554913283,58.0,0
163.83,1.6744331445086758,58.0,1
153.035,-5.497990355491325,33.0,0
151.765,-10.26070635549133,21.5,0
156.21,-5.75313585549133,26.0,1
140.335,-7.595853355491329,22.0,0
158.75,3.6305486445086714,28.0,1
142.875,-9.438570855491328,42.0,0
151.9428,-1.330613855491329,21.0,1
161.29,3.1486071445086736,19.0,1
160.9852,5.926858144508671,48.0,1
144.78,-1.0471188554913269,46.0,0
160.02,3.1486071445086736,25.0,1
160.9852,1.6460836445086713,51.0,1
165.989,11.369962144508676,25.0,1
157.988,3.5455001445086722,28.0,1
154.94,3.176956644508671,26.0,0
160.655,2.4398696445086756,54.0,1
147.32,-9.49526985549133,66.0,0
146.7,-8.445542855491325,20.0,0
147.32,3.9140436445086735,25.0,0
172.9994,6.210353144508673,38.0,1
158.115,1.475986644508673,51.0,1
147.32,-8.077794855491327,48.0,0
165.989,3.602199144508674,27.0,1
149.86,-7.000513855491327,22.0,0
161.925,2.2414231445086727,60.0,1
163.83,10.349380144508672,43.0,1
160.02,9.158701144508676,27.0,1
154.94,3.4321021445086757,30.0,1
152.4,-1.9826523554913251,29.0,0
146.05,-10.856045855491324,23.0,0
151.9936,4.9062761445086736,30.0,0
151.765,-0.7069248554913301,41.0,0
144.78,-11.593132855491326,42.0,0
160.655,2.2414231445086727,43.0,1
151.13,1.0790936445086743,35.0,0
153.67,2.3548211445086764,75.5,1
147.32,-4.1939133554913255,64.0,0
139.7,5.303169144508672,38.0,1
157.48,0.08686114450867422,24.2,0
154.94,-2.804787855491327,26.0,1
143.51,-3.4001273554913283,19.0,0
158.115,0.1719096445086734,43.0,1
147.32,6.210353144508673,38.0,0
160.02,4.225888144508673,23.0,1
165.1,6.153654144508671,49.0,1
154.94,-1.188866355491328,41.0,0
153.67,-9.523619355491327,23.0,0
141.605,-2.1601228554913234,43.0,0
163.83,1.7311321445086705,21.0,1
161.29,-3.173331355491328,24.0,1
154.9,-6.845542855491324,20.0,1
161.3,-1.7455428554913297,20.0,1
170.18,8.591711144508672,34.0,1
149.86,-2.0677008554913243,29.0,0
160.655,-5.271194355491325,65.0,1
154.94,-1.6991573554913302,46.0,0
166.37,7.627828144508676,43.0,1
148.2852,-6.603620855491329,39.0,0
151.765,-2.23779785549133,43.0,0
148.59,-9.155075855491326,70.0,0
153.67,-0.8203228554913267,26.0,0
146.685,-6.97216435549133,48.0,0
154.94,-0.9337208554913303,44.0,1
156.21,-1.0187693554913295,33.0,0
160.655,2.836762644508674,41.0,1
146.05,-5.639737855491326,37.4,0
156.21,-3.9954668554913297,53.0,1
152.4,-4.22226285549133,49.0,0
162.56,1.9862776445086752,27.0,0
142.875,-10.79934685549133,31.0,0
162.56,7.117537144508674,31.0,1
156.21,9.016953644508675,21.0,0
158.75,7.486080644508675,68.0,1
