y,att,exposure
0.5065987,9.155616,-9.350678
2.9385235,11.247607,-12.24645
1.5450482,10.851515,-9.746595
2.6133604,11.275288,-12.861372
0.9901954,8.532061,-10.029085
-0.5125015,8.873768,-8.408215
0.51098394,8.368061,-12.107283
1.3718827,10.642723,-8.335861
2.196127,11.617571,-9.55338
0.7149744,10.319571,-8.902642
1.1983458,10.989805,-10.306179
0.8397632,8.463049,-9.830176
1.4374676,10.086348,-10.469112
2.0478988,11.782292,-10.424461
3.0378587,11.482345,-10.537065
0.7543863,10.705012,-8.953453
2.2759962,11.877388,-10.79521
0.31515437,9.866144,-8.529847
1.6214337,10.82217,-11.689968
1.05531,9.634523,-9.749911
1.9952121,11.043132,-10.335329
0.45292294,9.393822,-9.748525
0.6616304,8.477125,-10.950617
0.54405975,9.552491,-9.439779
1.8214865,9.729576,-11.339814
0.8122795,9.178282,-11.307656
0.47579432,9.653637,-9.269372
2.1744413,11.047116,-10.180639
0.013077855,8.545852,-9.686337
-0.9055997,9.9129505,-6.606214
